label: [<InstanceData(

    META INFORMATION

    DATA FIELDS
    bids: tensor([[ 0,  0,  0,  1],
                [ 0,  0,  0,  2],
                [ 0,  0,  0,  3],
                [ 0,  0,  0,  4],
                [ 0,  0,  0,  5],
                [ 0,  0,  0,  6],
                [ 0,  0,  0,  7],
                [ 0,  0,  0,  8],
                [ 0,  0,  0,  9],
                [ 0,  0,  0, 10],
                [ 0,  0,  0, 11],
                [ 0,  0,  0, 12],
                [ 0,  0,  0, 13],
                [ 0,  0,  0, 14],
                [ 0,  0,  0, 15],
                [ 0,  0,  0, 16],
                [ 0,  0,  0, 17],
                [ 0,  0,  0, 18],
                [ 0,  0,  0, 19],
                [ 0,  0,  0, 20]], device='cuda:0')
    bboxes: RotatedBoxes(
        tensor([[ 2.4060e+02,  3.5770e+02,  1.6482e+01,  1.0529e+01,  2.5425e-01],
                [ 2.8750e+02,  3.2350e+02,  1.7876e+01,  1.2658e+01,  2.2100e-01],
                [ 3.4200e+02,  3.0600e+02,  2.1095e+01,  1.1728e+01,  4.0434e-01],
                [ 1.4000e+01,  6.5750e+02,  1.5233e+01,  1.6141e+01,  2.1674e-01],
                [ 1.1297e+02,  6.6831e+02,  2.6618e+01,  1.1177e+01,  1.4370e-01],
                [ 1.7399e+02,  6.6744e+02,  1.9498e+01,  1.3535e+01,  1.1086e-01],
                [ 2.9400e+02,  6.6950e+02,  2.1904e+01,  1.4414e+01,  3.3422e-01],
                [ 3.6650e+02,  6.6050e+02,  2.2518e+01,  1.1922e+01,  6.5422e-01],
                [ 4.5450e+02,  6.5527e+02,  1.9303e+01,  9.9269e+00,  1.5431e-01],
                [ 5.3191e+02,  6.6096e+02,  5.1642e+01,  1.1591e+01, -2.3847e-01],
                [ 6.3650e+02,  6.5996e+02,  2.0512e+01,  1.3268e+01,  5.1461e-01],
                [ 7.2750e+02,  6.4250e+02,  3.9938e+01,  6.7057e+00,  8.7105e-01],
                [ 8.0545e+02,  6.3696e+02,  1.9415e+01,  1.2600e+01, -3.9379e-01],
                [ 9.0950e+02,  6.4650e+02,  2.4662e+01,  8.8532e+00,  5.7770e-01],
                [ 6.5850e+02,  2.3650e+02,  1.5803e+01,  1.0745e+01,  3.3797e-01],
                [ 5.8250e+02,  2.3100e+02,  2.2644e+01,  1.1558e+01,  8.4501e-01],
                [ 5.1414e+02,  2.3174e+02,  1.6834e+01,  1.3149e+01,  9.8870e-01],
                [ 4.7470e+02,  2.5774e+02,  1.6029e+01,  1.2284e+01,  1.1056e+00],
                [ 4.2600e+02,  2.6250e+02,  1.7069e+01,  1.2435e+01,  7.8408e-01],
                [ 3.9085e+02,  2.8916e+02,  1.8993e+01,  1.4746e+01,  1.1040e-01]],
               device='cuda:0'))
    labels: tensor([12, 12, 12, 12, 12, 12, 12, 12, 12, 12, 12, 12, 12, 12, 12, 12, 12, 12,
                12, 12], device='cuda:0')
) at 0x128aa538730>, <InstanceData(

    META INFORMATION

    DATA FIELDS
    bids: tensor([[ 1,  0,  0, 21],
                [ 1,  0,  0, 22],
                [ 1,  0,  0, 23]], device='cuda:0')
    bboxes: RotatedBoxes(
        tensor([[9.5200e+02, 8.3500e+01, 2.3937e+01, 1.2675e+01, 7.6077e-01],
                [9.7600e+02, 8.2550e+02, 2.6363e+01, 1.3627e+01, 7.7951e-01],
                [2.9650e+02, 9.6346e+02, 2.0885e+01, 1.1355e+01, 4.7021e-01]],
               device='cuda:0'))
    labels: tensor([2, 2, 2], device='cuda:0')
) at 0x128aa55cf10>, <InstanceData(

    META INFORMATION

    DATA FIELDS
    bids: tensor([[ 2,  0,  1,  1],
                [ 2,  0,  1,  2],
                [ 2,  0,  1,  3],
                [ 2,  0,  1,  4],
                [ 2,  0,  1,  5],
                [ 2,  0,  1,  6],
                [ 2,  0,  1,  7],
                [ 2,  0,  1,  8],
                [ 2,  0,  1,  9],
                [ 2,  0,  1, 10],
                [ 2,  0,  1, 11],
                [ 2,  0,  1, 12],
                [ 2,  0,  1, 13],
                [ 2,  0,  1, 14],
                [ 2,  0,  1, 15],
                [ 2,  0,  1, 16],
                [ 2,  0,  1, 17],
                [ 2,  0,  1, 18],
                [ 2,  0,  1, 19],
                [ 2,  0,  1, 20]], device='cuda:0')
    bboxes: RotatedBoxes(
        tensor([[ 5.4871e+02,  2.0197e+02,  1.8655e+01,  1.3227e+01,  7.5664e-01],
                [ 5.9845e+02,  2.3189e+02,  1.6026e+01,  1.3035e+01, -4.5670e-01],
                [ 6.3575e+02,  2.7531e+02,  2.1787e+01,  1.7101e+01,  3.9696e-01],
                [ 1.8442e+02,  1.0968e+02,  2.3211e+01,  1.2578e+01,  5.4516e-01],
                [ 2.1292e+02,  2.0507e+02,  1.7367e+01,  1.0520e+01,  4.9826e-01],
                [ 2.3743e+02,  2.6095e+02,  2.3985e+01,  1.1162e+01,  8.2675e-01],
                [ 2.8217e+02,  3.7233e+02,  2.3657e+01,  1.1449e+01,  1.5246e-01],
                [ 3.1863e+02,  4.3564e+02,  2.2293e+01,  1.2636e+01,  6.9263e-01],
                [ 3.5764e+02,  5.1469e+02,  2.5413e+01,  1.1722e+01,  3.3178e-01],
                [ 3.8248e+02,  5.8823e+02,  1.4385e+01,  1.1051e+01,  5.4464e-01],
                [ 4.2404e+02,  6.8421e+02,  2.0696e+01,  1.2836e+01,  4.8304e-01],
                [ 4.7550e+02,  7.6127e+02,  1.9985e+01,  1.1949e+01,  3.7628e-01],
                [ 5.1089e+02,  8.3095e+02,  1.9160e+01,  1.2674e+01,  6.0013e-01],
                [ 5.4253e+02,  9.3053e+02,  3.3363e+01,  8.8646e+00,  3.5933e-01],
                [ 8.2278e+02,  5.3993e+02,  2.1707e+01,  1.6375e+01,  4.3183e-01],
                [ 7.9831e+02,  4.6777e+02,  2.0047e+01,  1.5049e+01,  5.9750e-01],
                [ 7.7107e+02,  4.0507e+02,  1.9742e+01,  1.2984e+01,  5.2456e-01],
                [ 7.3178e+02,  3.7883e+02,  2.0927e+01,  1.6112e+01,  1.9902e-01],
                [ 7.0847e+02,  3.3581e+02,  2.2221e+01,  1.3548e+01,  7.1301e-01],
                [ 6.7025e+02,  3.1378e+02,  2.1284e+01,  1.7470e+01, -3.8828e-01]],
               device='cuda:0'))
    labels: tensor([12, 12, 12, 12, 12, 12, 12, 12, 12, 12, 12, 12, 12, 12, 12, 12, 12, 12,
                12, 12], device='cuda:0')
) at 0x128aa538c70>, <InstanceData(

    META INFORMATION

    DATA FIELDS
    bids: tensor([[ 3,  0,  1, 21],
                [ 3,  0,  1, 22],
                [ 3,  0,  1, 23]], device='cuda:0')
    bboxes: RotatedBoxes(
        tensor([[1.0778e+03, 7.5091e+02, 0.0000e+00, 0.0000e+00, 0.0000e+00],
                [4.0344e+02, 1.0614e+03, 0.0000e+00, 0.0000e+00, 0.0000e+00],
                [1.2281e+01, 4.8887e+02, 1.3435e+01, 1.2538e+01, 4.7385e-01]],
               device='cuda:0'))
    labels: tensor([2, 2, 2], device='cuda:0')
) at 0x128aa55c910>]
